2026-06-07_10-56-23,0,draft.go:2026-06-07_10-56-23
2026-06-07_11-12-44,0,draft.go:2026-06-07_11-12-44
2026-06-07_11-13-41,0,draft.go:2026-06-07_11-13-41
2026-06-07_11-15-44,0,draft.go:2026-06-07_11-15-44
2026-06-07_11-18-04,0,draft.go:2026-06-07_11-18-04
2026-06-07_11-20-34,100,draft.go:2026-06-07_11-20-34
2026-06-07_11-21-25,100,draft.go:2026-06-07_11-20-34
2026-06-07_11-21-26,100,draft.go:2026-06-07_11-20-34
2026-06-07_11-21-27,100,draft.go:2026-06-07_11-20-34
2026-06-07_11-21-27,100,draft.go:2026-06-07_11-20-34
2026-06-07_11-21-28,100,draft.go:2026-06-07_11-20-34
2026-06-07_11-21-29,100,draft.go:2026-06-07_11-20-34
